Number of Input Nodes: 784
Number of Hidden Nodes: 1
Number of Output Nodes: 10
Threshold value for hidden layer: 0.354282
Threshold value for output layer: 0.327855
Hidden Layer Weights:
[0.20314160239379797]
[0.3207477392235122]
[0.02822127612427794]
[0.3990891188726208]
[-0.05182900228296505]
[-0.10666421548626626]
[0.19365263197263927]
[-0.3018425057824037]
[-0.16558967596765273]
[0.2880490298196712]
[-0.4446598470082145]
[-0.2149494287347261]
[-0.542192735223588]
[-0.2521378549066352]
[0.08270444714814618]
[0.014443296398625197]
[0.13532799409773244]
[0.15312120493667047]
[-0.31682156365570735]
[0.18786115982533336]
[0.4342413219652904]
[-0.3112875473197452]
[0.27381627664630903]
[0.3856803938614647]
[-0.37267426831526174]
[-0.27913985513184825]
[0.25565034013090004]
[0.009436695540001705]
[0.45886873679339746]
[-0.03340845784438262]
[0.14002465331813918]
[-0.3238521899322483]
[0.3264100700192429]
[0.47201747668589644]
[0.35316978919360925]
[-0.08916999750907051]
[-0.4428779611038379]
[-0.27042342455399215]
[-0.32225707555386607]
[-0.5045397072550993]
[-1.0280880141844735]
[-0.5603114326505593]
[1.4496338531210065]
[2.1971275051278014]
[2.5429116396867624]
[0.9027747154757286]
[-0.15652162196802874]
[-0.47749628432122887]
[-0.26517919814402774]
[-0.2171739641610892]
[-0.24262026719475013]
[0.25729058757813933]
[-0.37399582991719127]
[-0.29804189209969123]
[-0.03137023980853304]
[0.01302912774051923]
[-0.2421605498602828]
[-0.41819010204955576]
[0.3684716761611336]
[0.41404902860957316]
[-0.03705749296628327]
[0.22007123063086464]
[-0.14916120476235895]
[-0.6258404392882786]
[-1.0914166345830985]
[-0.8531243733474811]
[-2.197711270426223]
[-2.828202491162361]
[-2.7459150112003727]
[-1.730454781002617]
[3.3622147535360116]
[9.033512293301127]
[18.634548383146715]
[18.045945733506677]
[10.923554529885362]
[7.800493430489559]
[0.009037647744691096]
[-1.0295218835901645]
[-1.557469575688845]
[-0.99483296429568]
[-0.31213678416236434]
[0.020668275242532938]
[0.0801167805230868]
[0.23447015953454464]
[0.3941201051331471]
[0.21756629715959275]
[-0.016271124310426217]
[0.015956798341051733]
[-0.3298749250534269]
[-0.35245381751886046]
[-0.5928699901563407]
[-0.08983797656882649]
[1.8363797079474293]
[4.81828638718137]
[8.220709734342524]
[11.316780963614766]
[16.021183321364198]
[23.74276137672425]
[38.53870747325879]
[54.1529973163356]
[62.10978165591842]
[53.44501684074705]
[33.746941958665765]
[23.555204342433942]
[6.40901432250955]
[-0.5474001770356987]
[-3.0408929544446353]
[-1.4319983917209027]
[-0.1802140013021308]
[0.025805804753575804]
[0.35564744984848207]
[-0.458383501787083]
[0.22973120783480783]
[0.09487683853402681]
[0.020733758060743054]
[-0.004883414373314739]
[1.1997385319382277]
[2.691422982020156]
[6.319961461378578]
[11.17733624940742]
[23.981360873063117]
[40.32957196257262]
[61.69422588072102]
[89.46333645290005]
[149.18241770101565]
[233.3701191691736]
[307.3571424226078]
[342.6645816883643]
[326.7525269980941]
[290.86294197151466]
[229.24689412302456]
[165.8530739856311]
[95.46805896574232]
[27.676684438933886]
[-9.48052840719604]
[-20.87383153667648]
[-13.166749679471815]
[-3.797976810394718]
[-0.38919025049632405]
[0.13169183324527958]
[0.38944000713455207]
[0.23180634839300307]
[-0.1998672609415857]
[0.8295901880377188]
[3.0491833160859]
[10.418867555829307]
[23.51375344391058]
[41.58451573882208]
[62.72474252170813]
[89.61112297710339]
[133.3670943349446]
[192.09035283469458]
[277.62899488727373]
[423.3943108663325]
[548.2017173649965]
[597.1023990230784]
[555.0256087614048]
[468.67863485804287]
[348.2177870660312]
[217.87921140229236]
[103.01442200779175]
[-5.083288890561393]
[-69.35730170283132]
[-70.28483634231722]
[-44.497648195361684]
[-17.07686884190211]
[-3.4729356994951837]
[0.16063784256379776]
[-0.22780704251240025]
[-0.4091976089906597]
[0.14665854784413015]
[1.710101952606616]
[9.359975066340414]
[23.67800183095501]
[53.20157935733225]
[81.67344250464161]
[118.48975671046365]
[150.13290128295034]
[186.64450213178543]
[218.76770183340273]
[303.51610065559504]
[475.03718328892126]
[646.7012874613363]
[732.0694641048727]
[711.7102375054023]
[593.665930602829]
[433.2416111772388]
[250.18277460801005]
[78.06027334033423]
[-49.75761115050519]
[-124.05199704537544]
[-136.8613126430503]
[-90.05843340276333]
[-39.350301317965574]
[-7.660312713959323]
[0.26985502204879036]
[0.3268919879425171]
[0.03549446861778772]
[2.892750189517982]
[8.622683040452962]
[27.28528998694741]
[57.118984023371134]
[99.34666668740935]
[143.16167381087945]
[169.27774008604814]
[211.87214129104186]
[236.88504237052527]
[260.3655685427299]
[369.97024051679614]
[583.5820467572203]
[797.034699027591]
[920.163769077094]
[934.005777865349]
[803.7187908485475]
[593.8715402697507]
[372.2844026843302]
[156.1567435923744]
[-18.17314467030241]
[-117.11894035097956]
[-152.01679349307707]
[-122.41489584184986]
[-55.213130505900416]
[-8.79863856456844]
[-9.892692831645483E-4]
[0.06654042867191924]
[1.3003762454883543]
[5.375652329085719]
[23.324268394045642]
[55.87329422151199]
[96.81571596696287]
[145.3418828353366]
[190.3474971965451]
[227.9151485542403]
[256.3426053850748]
[263.83544269874056]
[304.50577495639214]
[436.6687546082833]
[674.082125470299]
[930.5806267324417]
[1104.1652828114456]
[1117.2889780516587]
[981.2039863085663]
[769.2010026416638]
[504.08760104442797]
[247.1909090171928]
[67.1089310954089]
[-53.86945791139648]
[-112.51564817737811]
[-107.44070581959538]
[-52.317966523950545]
[-9.707068087246338]
[-0.1760158594990191]
[-0.259016730699778]
[1.6556457029224134]
[8.876799364684063]
[30.581473372887096]
[68.21353766789613]
[115.16326884716942]
[162.21057063115754]
[202.02268992734383]
[226.88488603560367]
[230.37674884337815]
[236.43386106430734]
[261.3389512970778]
[395.00022356338]
[653.9346393039807]
[982.2538906591865]
[1203.931355975746]
[1193.75023562751]
[1032.7281714049923]
[808.5397099734736]
[552.471857448594]
[326.83534642161015]
[143.08074418029898]
[14.499509662462179]
[-55.48435074215476]
[-61.05147757405349]
[-32.974933485131665]
[-5.146766311057898]
[-0.8133190154448975]
[0.6060701398377099]
[1.5021163246936675]
[10.045506938174835]
[30.6468244543353]
[64.61999878986869]
[103.0169124730593]
[137.49446667619026]
[154.99860392529877]
[150.35996604032576]
[124.72957910963821]
[118.2300466145219]
[132.74096461621872]
[241.82295303447833]
[574.1587964998076]
[997.1001742074277]
[1259.252540374229]
[1176.429815000136]
[970.3633764367331]
[753.9871608862039]
[556.020882541227]
[365.0608216608567]
[181.13768533334772]
[50.53055007672538]
[-17.011655790883374]
[-27.88026392365147]
[-17.15203705675864]
[-4.14972771215103]
[-0.6542924666131933]
[0.046956011983148783]
[1.482115911839883]
[8.507035486279404]
[24.413771270694337]
[49.30588196424405]
[67.41210106000634]
[85.8904886285447]
[79.59171340497826]
[49.357891011179014]
[9.964015503053373]
[-12.484654368712029]
[-6.649773299344598]
[141.39955510681077]
[571.666782353752]
[1112.6842622773888]
[1307.1511399559693]
[1100.3699180721721]
[850.6864101562251]
[668.1603383755132]
[528.5908575462123]
[349.7900888258713]
[176.28118989689463]
[64.96041316309025]
[7.5767655561289775]
[-8.58300361659253]
[-6.457832085483484]
[-1.2921753504056337]
[-0.6246051538048686]
[0.12980646440270538]
[1.087658669744007]
[5.2797093683901695]
[13.434942616945705]
[30.781373312441893]
[43.77759139326102]
[47.35265914002561]
[29.473105598429758]
[-14.58060836603963]
[-52.792415888338]
[-87.64014606738394]
[-69.48037716889299]
[108.47277161158814]
[658.7760048702132]
[1240.601505989698]
[1313.5280650671111]
[1018.5623728368802]
[741.0950831702332]
[592.8986008431305]
[457.74518230745036]
[294.3529868939477]
[145.2479826596136]
[56.45050035910475]
[10.179289301261926]
[-1.5611474999201687]
[0.27627394733666605]
[0.4587975241690394]
[0.3682570966839184]
[0.3208215608057595]
[0.321112049945024]
[3.3395361894496842]
[4.9445127434582625]
[17.98185367739387]
[27.44075773193751]
[19.7921240893172]
[4.023641185683093]
[-38.07874220602805]
[-85.85141813149251]
[-117.14021192519262]
[-83.13062223174094]
[140.07471548649534]
[804.1134404344647]
[1297.6554774019837]
[1285.3408971979354]
[901.2508003002874]
[646.2238579163516]
[516.9958343012215]
[367.94544328017]
[223.49846965651622]
[108.70969467512101]
[44.12613069748815]
[7.424952130843799]
[-0.6035938779801747]
[1.375728161570885]
[0.010780805236488611]
[-0.12403321558837799]
[0.20201478805669654]
[-0.048751515613636595]
[1.1948162993511724]
[3.174721898377125]
[7.816835176940275]
[17.014949911681576]
[11.900573479926216]
[4.129127615815076]
[-16.88562152756525]
[-57.524634991131244]
[-83.5934639120857]
[-34.98080563329244]
[282.82433301082]
[973.1063101660147]
[1307.2952770538132]
[1208.970505790628]
[763.8792361220974]
[578.3368755692719]
[449.1527022817901]
[292.87570289065053]
[158.0153449839485]
[79.99833909257273]
[28.7164873990077]
[3.611376175875105]
[-1.9736369587825717]
[0.8210020269895112]
[0.19731155995920102]
[0.3707669584213772]
[-0.1844875673649264]
[0.38223811981487643]
[0.3707227869725719]
[2.4924172554276174]
[6.780544973490161]
[16.79417245127051]
[20.41081388967742]
[25.227418855554845]
[30.91623663945767]
[16.63217750350023]
[20.473537915644272]
[114.56625351214552]
[507.4082119575891]
[1087.1407234795568]
[1308.995983175404]
[1095.6519072383635]
[654.9215426320304]
[500.2234939220181]
[366.91776827814823]
[216.1753759451461]
[128.6173329512628]
[61.63579205024789]
[22.073887634152644]
[1.9004525717449068]
[-0.611822403815094]
[1.8283293758621415]
[0.9381394594490785]
[-0.37290990206742086]
[-0.49022046641107303]
[0.27318710689131925]
[-0.05138763683694858]
[1.851081149550789]
[15.036044818673997]
[24.442886270120756]
[33.57200675789562]
[54.65982003723661]
[78.98986406368215]
[100.07729938890941]
[129.46577924458416]
[291.8431960712002]
[687.3130127550907]
[1146.8957420684712]
[1289.9904211514543]
[989.3897129559108]
[592.742669383454]
[427.8937291986347]
[299.939736524973]
[189.65761689276025]
[120.506744380295]
[62.69803000978243]
[23.02215925842869]
[6.140597332588601]
[6.50054097317379]
[2.0613977629954574]
[0.1953133904980613]
[-0.4084150028817365]
[-0.19861460608460768]
[0.34322312487186174]
[-0.13211785215533806]
[6.285297826052706]
[26.772631382957275]
[35.07131736714213]
[32.760192252712734]
[62.42644628493941]
[95.42680017905724]
[141.0553077018092]
[220.87694206500214]
[447.6373510775786]
[813.9188107583016]
[1187.9261684094574]
[1247.21219656612]
[911.8597546938076]
[544.1885724671081]
[347.21139083221755]
[224.47061423965442]
[149.79394214479427]
[102.56515133014493]
[54.952675077411904]
[27.642324744010992]
[20.416756472620147]
[17.36101808580198]
[6.359649974835086]
[0.24351868412316613]
[-0.47831134321398666]
[-0.393359087464611]
[0.4214999788289876]
[1.8825915159044198]
[12.439554671113855]
[33.99181785267169]
[39.66476819707047]
[23.874575763041513]
[48.0834598225674]
[79.5056042854141]
[162.24071605504227]
[315.10923822284263]
[561.4961188000159]
[892.545038024324]
[1187.7419911158263]
[1166.2337185835393]
[848.6720809738921]
[489.62578150425253]
[265.3872850408368]
[164.6032056851072]
[115.94994838299434]
[75.93641537784748]
[51.15513174048943]
[30.58295539627639]
[20.307951584844982]
[13.38934039129165]
[3.6632548557574665]
[0.0012316440251589466]
[0.5082456615115043]
[0.3945191327239884]
[0.25740511030678115]
[3.29867904667952]
[23.966385852106356]
[47.21070860779431]
[41.31336783075563]
[24.562836930729798]
[24.423553132276712]
[75.29897789259556]
[210.22648953848034]
[413.97906178988694]
[662.2923314587712]
[941.9702462843215]
[1144.4953530825999]
[1082.9838964670134]
[778.7560139398257]
[439.0058278272183]
[209.82935445113068]
[127.56182166023575]
[88.60507523200961]
[54.07234667832862]
[46.00797367994389]
[21.008119445068033]
[14.471455737208553]
[7.236956694457044]
[2.387760625142947]
[0.17643348401230696]
[0.48184359599028115]
[-0.39380899947533443]
[0.18383209459740965]
[5.108772113409086]
[29.155671038038097]
[60.38840379105907]
[58.82762582819992]
[33.78800544180265]
[21.153392168065675]
[87.1975357675509]
[248.46497483157302]
[468.1869782492711]
[707.2035006789315]
[940.9259253718417]
[1075.5688272418708]
[997.6360071224515]
[711.6015901460551]
[378.09431861635943]
[155.55828159552388]
[84.88957965546544]
[49.513566721140236]
[41.52857215502722]
[24.16926184906468]
[12.329606273249544]
[12.566780718335378]
[9.259092662026072]
[3.306140129232641]
[0.26353981503506296]
[-0.20005745990320195]
[-0.1560175261982689]
[0.5081739873158727]
[4.557912788820416]
[22.76010682119914]
[59.0641680454697]
[76.46524337699758]
[77.324810176713]
[76.3359269276891]
[150.78287278147803]
[321.07908649712346]
[511.5730833811363]
[710.1815301176363]
[883.8837634636366]
[961.6584042014639]
[866.447367278835]
[609.1696673864618]
[321.30155981396445]
[119.1983915624314]
[36.851877674158]
[28.408439540452996]
[26.940121868776018]
[10.078224923567513]
[9.873419140002973]
[10.730493756441117]
[8.545345794276576]
[0.4171680573844091]
[1.4809219519456398]
[0.4692949965291163]
[0.5070446581141254]
[0.44396969531341934]
[2.153409859963502]
[11.25182457515572]
[36.110697455222855]
[66.67430642663075]
[97.08065364886721]
[138.16021781637858]
[236.83596964375155]
[368.5407593151916]
[539.681728888909]
[680.7656125267066]
[766.8560504529293]
[783.1871509855102]
[689.0326588345362]
[479.93016284725985]
[246.01243236572947]
[79.46489747968918]
[26.184163973479194]
[18.524874822720218]
[10.023758247091415]
[9.485979539411073]
[6.7789998324877985]
[5.649093115601947]
[3.4436802541667633]
[0.2452571991256961]
[0.7848354304554973]
[0.3547132498952883]
[0.47726521987809556]
[0.31404543858773426]
[0.8601772974245515]
[4.013518040297206]
[19.057707639801322]
[41.639092731715124]
[78.17063507896354]
[144.18093766406847]
[247.53237482548536]
[372.119445288528]
[479.6659694329874]
[552.8446404049466]
[574.8902948626649]
[547.9246744101642]
[471.45683990027356]
[326.3949788867861]
[169.16063727537366]
[69.98088897969413]
[29.50855848768131]
[6.032748600688547]
[-0.329853214666171]
[2.634230830745053]
[3.3801427859380095]
[3.516795358334714]
[0.19096862543877255]
[0.36539372916935764]
[-0.11436573515582038]
[-0.43491539249294087]
[-0.1375722417883245]
[-0.07599566912787603]
[-0.002307128390326741]
[2.222897366837955]
[9.499353626131473]
[23.28154475536614]
[44.57413016150331]
[83.94363136866167]
[126.22719069039333]
[185.1224505816398]
[246.39969710744984]
[268.5176678711961]
[259.20752120058455]
[244.70733030879398]
[221.617941572619]
[164.03273144926146]
[108.78478734125258]
[55.965270486851196]
[17.577422362543775]
[2.577697544372755]
[1.9580512360019595]
[2.143344410057705]
[3.063580385179722]
[2.1669449164802908]
[0.19329717817509354]
[-0.27086125236377623]
[-0.29559441056608043]
[-0.2905128402048991]
[-0.07049937557970665]
[0.43528121830511135]
[-0.23699011827417976]
[-0.22724075123041196]
[3.294800978171739]
[11.228056621810923]
[29.456209147225337]
[55.17320538127893]
[89.65061004674718]
[132.08028738243704]
[172.3992886153313]
[187.3109530974516]
[178.7749187869297]
[165.30589547020853]
[142.19825033905232]
[115.62208233393808]
[85.75218048253515]
[40.08593951606769]
[20.869649811378896]
[9.71650940116987]
[6.84217463202877]
[1.9886861225972872]
[1.7462604238347073]
[0.9854429820873123]
[-0.05024614037363655]
[0.13011847720953346]
[-0.14666150235642786]
[0.22994508985657935]
[0.09061248534993116]
[0.24035983026455843]
[0.4702881377483623]
[0.5099191573871751]
[2.181659647206928]
[5.033487142915829]
[16.597363491071228]
[31.6762147753532]
[50.54369978981568]
[71.45573472138247]
[93.96822142773615]
[95.96940440735735]
[88.44429202134982]
[84.6940636265055]
[77.46072715230407]
[62.61001834628822]
[47.91984199953561]
[29.383102453453475]
[17.764614007474403]
[6.925347589554902]
[1.1073987628325677]
[0.5924084015290366]
[0.4724660381965229]
[0.6852303444821265]
[0.2495883520447246]
[-0.06964773234896333]
[-0.4433206028943436]
[-0.13658920045342304]
[-0.21266082607676728]
[0.2062081730852071]
[0.0706667032041477]
[-0.4791065720137222]
[0.1830087407284143]
[1.0478889047612898]
[1.4241400917699465]
[3.3725795143078563]
[4.045758959112853]
[4.012522623361335]
[5.498976048771192]
[7.3406079371818445]
[9.619409825079153]
[13.482768677842385]
[13.013772707291217]
[12.264451355497911]
[10.898434690302928]
[7.977101764776945]
[4.395004229088084]
[1.608279053512345]
[0.4439266830368156]
[0.9557201108216687]
[0.15402501926918902]
[-0.3871781228175678]
[-0.1315555373079188]
[0.037722123086062265]
[-0.2855414016136576]
[-0.437921410509318]
Output Layer Weights:
[-1.9161226275145715, -1.8196229625903737, -1.8398043380030236, -1.8456955401107675, -1.884086229447595, -1.986870667540657, -1.8066610822943625, -1.7994630477574522, -1.9263869029898157, -1.8884353894359613]
